8.342349
9.585238
12.001880
11.961410
11.420570
11.173940
12.277020
11.301250
12.729680
14.148930
11.787400
16.888130
20.053210
17.509910
18.309910
17.967400
14.960530
13.205780
10.950920
12.042010
13.319140
18.857990
30.271210
31.978280
26.906240
28.253470
27.795250
23.227450
23.200310
30.869750
39.184465
34.417611
18.035493
8.396575
11.728250
7.128930
8.700636
8.116884
15.798573
11.420847
13.986440
16.624860
13.019610
14.823840
14.972130
10.952300
12.683350
21.362550
25.988810
22.475610
18.385780
17.370350
21.071660
17.852120
18.301640
20.076890
16.441280
15.145260
16.238820
17.483240
17.316800
27.386770
29.602950
40.680210
38.773920
39.592450
30.583880
30.058900
49.596270
43.033563
34.206081
33.400522
21.500346
21.853076
14.420491
13.789101
16.985600
21.222708
19.243190
14.265159
16.348310
17.665750
19.056480
18.374100
13.637360
17.494230
18.370130
21.369600
27.926410
30.982600
26.649970
24.619580
18.892380
18.660100
26.452250
29.133530
25.698230
17.772520
20.945740
19.987140
38.089870
37.169030
37.242150
30.775330
32.733820
35.198250
40.169440
39.531020
44.553450
37.673572
32.679746
19.639050
17.572587
23.474241
25.456395
26.214050
31.313470
33.713670
24.773770
22.190790
12.617780
16.762300
15.647720
20.690423
27.239768
41.562469
36.689615
38.385530
45.103490
39.075730
40.644750
35.803230
36.695980
39.894460
43.924060
43.027150
44.175900
46.148520
67.580410
85.111650
75.683640
75.084140
57.586990
64.244450
54.975000
48.783010
50.101670
43.770690
35.951886
30.139493
21.490162
15.027370
15.468981
19.682150
27.796990
39.053690
46.620260
36.434460
40.842040
36.690813
11.707130
15.343220
19.213490
39.775320
39.609556
43.828090
44.776400
38.585410
37.713890
38.801980
39.364290
44.539340
43.384040
44.808908
44.653524
52.774614
69.245840
88.722050
94.311270
92.746550
83.120670
66.774350
61.562310
63.989910
64.471610
52.437020
35.583500
22.154330
16.796306
7.443408
7.098637
13.657376
23.541050
29.147508
40.851020
51.175160
49.288480
47.524360
35.812010
47.869420
15.949750
23.919610
31.077350
39.746680
39.266380
37.586270
39.143150
32.750460
39.072880
40.274540
47.109130
38.534360
42.468460
30.801455
35.794618
40.404319
66.314190
69.426190
64.827290
63.500810
42.755510
37.945190
46.903720
38.772290
52.409980
42.485515
31.342648
26.593778
9.421102
14.561459
16.526291
22.790581
27.734484
44.354696
57.684174
56.306770
54.702990
50.573920
46.233390
41.625620
22.578110
30.065600
37.987500
35.044090
29.662490
27.519690
31.550760
43.147950
48.040330
42.624620
40.316440
45.002816
31.961236
43.642719
21.017423
44.664244
49.599865
59.278520
33.510480
27.792920
39.114330
40.298180
36.230020
25.555940
12.475090
24.835613
28.779822
29.404310
43.013937
25.648972
38.152075
40.466404
37.532038
49.769619
52.343411
54.486710
43.312230
46.675610
41.247940
38.873870
39.660660
34.675730
27.530880
31.749300
27.417990
40.947120
43.934120
36.898390
43.477790
48.288620
44.761402
47.813635
41.011846
40.680222
42.004729
39.740370
29.388818
21.644060
13.660260
26.012990
26.272850
36.471310
29.879210
29.386631
29.442523
29.772678
31.188778
55.156807
55.332983
57.209309
58.930848
59.630692
52.882956
40.021278
40.164161
37.246720
40.630060
51.705260
40.720290
39.350810
42.061850
51.561630
41.154000
38.963160
39.846560
42.933490
38.245700
40.671550
42.171270
41.664590
29.571928
25.844301
29.098322
30.075406
31.026247
30.595968
19.768451
20.799400
20.635330
22.347590
20.397090
13.113080
16.915598
18.862253
27.245619
36.202925
42.573715
41.681774
44.469766
57.920295
65.723212
48.932478
44.873083
41.400691
44.469527
41.539420
45.215860
37.708450
37.521240
32.937309
36.076505
42.604300
42.046340
36.558590
50.835300
48.039560
40.664050
42.499080
35.039630
31.088866
19.854366
21.617939
31.006429
29.764845
28.580105
28.138646
27.967433
32.737060
21.035380
19.754100
10.425644
9.424003
9.792669
21.262533
31.967832
38.916709
37.749799
36.227253
32.159588
26.600720
40.047615
31.276870
39.686719
41.994530
43.088573
35.063570
35.733390
44.669310
43.059280
39.031363
22.487284
29.200863
30.883852
30.314677
30.863703
43.970819
30.963810
30.777252
29.436322
21.469033
12.543721
18.383262
13.283876
21.279178
14.831218
19.647151
21.848010
46.142210
46.174630
27.340180
22.778467
18.891850
20.775540
34.219600
36.120883
34.257937
31.448005
28.973747
40.516493
44.208749
63.751560
66.766444
63.015550
59.270010
46.055680
36.218410
38.626054
40.165056
44.542760
32.993621
24.710596
36.237129
40.199625
39.913548
34.381807
41.542326
37.436249
38.508178
41.337239
19.398824
19.560589
21.703166
21.376716
22.055383
19.694574
21.580787
52.101500
52.184490
39.793110
38.288000
42.792990
42.943500
47.854450
44.175610
40.331170
40.208870
36.151910
36.308140
40.737222
49.902801
53.384042
69.443360
81.936420
80.321080
63.916900
42.615820
42.334270
41.344131
57.591870
54.706450
25.862639
30.355136
33.904818
39.104579
34.868684
38.385175
42.041711
29.602468
21.906236
21.803371
22.694243
22.296256
21.039708
18.004968
18.647692
46.919540
47.958410
43.555016
53.143920
37.750086
62.113640
70.276830
69.269970
63.982020
49.841510
46.702980
38.527040
65.912510
61.385062
62.607100
65.389477
72.889300
87.890770
81.451700
65.389420
39.342470
40.144169
43.698190
58.183210
73.103070
31.271448
31.835797
25.728562
30.257694
26.003761
26.942689
21.222316
33.005050
19.864433
20.557334
19.898168
29.048676
25.654072
32.865910
37.761070
50.951200
48.824190
54.482700
45.755135
44.748864
54.105420
80.534290
72.533010
60.883350
65.926660
84.297520
98.856380
106.322840
95.642350
84.383315
94.061410
96.309790
61.457590
52.725150
61.245100
62.878980
72.058679
80.699710
94.372970
85.833880
24.920728
22.027560
19.864991
25.006915
20.230858
35.400397
30.867213
32.358305
30.151708
22.711623
46.774750
53.890650
62.459687
77.115540
89.943080
84.683900
50.662460
37.106220
45.967294
33.055535
58.318900
60.538003
69.116890
85.149910
95.845540
100.473000
106.459700
145.223290
124.669440
97.026810
105.352600
96.678770
93.065700
84.319100
89.089460
82.368020
106.047170
111.767340
109.596880
113.806830
26.362907
27.835490
31.423520
24.790502
28.650108
39.101322
48.840586
50.929549
44.978439
64.511368
80.999287
87.660522
94.347540
118.542770
119.865800
82.422630
75.686470
66.713010
44.410690
65.898090
75.214720
92.514160
100.317100
113.302070
127.461690
128.286600
142.176350
138.512520
128.714700
127.429750
125.817110
120.569130
99.275560
106.012060
110.629510
134.915120
151.561500
143.222500
111.851980
108.157460
40.530982
37.601622
31.918869
42.876186
35.892039
26.954866
44.666015
64.935176
83.561994
106.258613
114.588970
125.319087
140.136400
140.429290
121.274430
79.214660
79.514470
64.883620
64.163010
84.571530
108.155330
111.731340
124.395140
172.975490
176.628590
174.054060
162.085380
155.400810
155.750820
142.382760
133.424370
145.026420
166.144000
167.120000
157.216300
151.110810
152.409400
133.772210
112.133560
120.991110
43.521980
48.231610
51.680166
41.956197
48.317782
55.117593
71.767457
91.289038
111.311047
119.419940
112.239675
118.121961
130.719760
145.790110
126.458070
127.471450
131.167540
108.961830
98.665010
127.559580
164.561010
179.560300
192.254100
191.182010
174.096160
169.355810
169.041630
168.645380
172.073200
145.535820
111.328250
133.030250
158.639900
171.931300
176.599800
155.308980
147.529020
139.174390
126.069170
118.917690
51.412930
62.122050
75.678220
83.470890
82.528688
85.489979
107.387980
126.631510
136.038050
113.007123
104.282592
107.157730
111.421531
142.547060
151.253600
172.178000
185.737100
209.848100
219.514300
215.758300
222.299800
206.373400
218.851200
191.116540
182.570390
164.441310
139.418910
128.252380
115.800790
102.679180
72.231130
130.850630
134.230270
128.216250
154.673100
136.560970
134.051430
149.670300
141.656090
119.397180
57.064470
86.042550
98.021700
77.562470
93.337222
113.656916
110.977200
113.234630
107.766580
90.419316
83.555352
97.434058
91.777142
124.639920
140.925451
198.462100
207.789800
222.338800
245.164700
266.181500
229.309200
207.214100
170.716630
170.632340
146.458350
142.130820
137.149080
130.467690
104.233790
97.274965
102.734140
96.155890
94.645750
100.490260
123.310660
138.130200
121.015880
119.386290
123.769030
105.283270
82.576180
92.065330
103.910420
119.333000
121.983489
117.878930
125.158330
114.511120
80.852615
62.732656
73.492309
59.971588
105.421273
122.154060
149.792700
160.355710
174.633330
209.930600
211.233170
240.343700
209.970400
176.092430
151.457541
152.198840
124.630350
114.416320
85.848290
137.875770
131.706130
115.661840
112.942280
119.772740
112.713630
125.785540
112.928870
130.627520
118.313920
122.125010
106.803020
86.407240
82.394860
113.611850
106.244910
126.886380
135.597930
138.139060
139.219860
113.607500
105.035212
84.475366
80.115194
121.894750
111.415600
103.033650
88.092260
88.933490
155.478770
148.034400
172.334000
115.384590
123.847700
109.440220
106.605010
132.871800
116.136760
86.122990
96.464850
98.059290
155.805760
156.502850
146.683360
145.297500
125.000180
133.092920
118.216510
115.490560
107.106060
84.208670
90.524580
64.557770
93.998680
102.653700
112.148210
117.511840
108.922360
118.192940
111.682310
106.863230
91.418543
92.792214
112.845071
119.401150
102.218250
91.977060
87.953750
90.996010
106.666870
129.008740
104.520390
63.645050
35.238650
57.526340
76.990760
120.004210
139.903770
127.145280
116.313790
140.784150
126.162690
127.162270
100.904100
97.768630
99.787070
93.076580
97.147230
101.733770
75.330230
81.883040
74.933470
57.620190
105.632230
105.800320
120.911980
115.827420
110.847710
120.533590
98.512690
102.166478
82.783033
92.854299
110.069910
111.443460
116.302450
84.791160
80.475620
124.333800
129.077470
112.041940
75.175020
50.039060
43.576720
43.016880
67.428610
72.809520
125.098870
129.541520
122.531930
117.432660
91.852330
101.742600
95.564130
90.324560
72.354960
55.880330
82.214840
65.050010
54.331400
69.020310
64.052570
47.896580
107.445110
113.280120
116.849910
116.155810
114.247120
113.318040
95.401960
100.709280
80.911710
108.352950
110.367420
63.507270
90.993340
97.025910
108.144780
128.782460
93.722700
78.848380
44.134310
45.945020
50.595790
64.033540
63.611990
69.187140
65.460730
87.872830
108.175550
114.249970
108.271910
86.338770
80.831950
48.048620
49.560330
49.171340
49.429640
57.778010
67.430810
59.949440
48.014130
44.994550
113.308080
118.638470
110.127350
93.759520
107.206160
87.205930
100.317760
110.407660
128.715350
127.034590
112.324370
100.855830
107.487081
102.504951
98.227030
118.455260
79.375390
50.015060
51.607790
47.275170
40.389870
58.419400
60.171020
72.877610
77.119550
60.248440
73.821110
111.391790
120.000270
100.462100
70.101570
78.368960
68.111790
45.642750
62.044670
69.714910
74.920520
82.385920
71.051570
56.714790
94.113580
103.301090
99.708500
90.073000
76.554260
71.830374
87.246169
88.065893
102.670620
98.114750
111.593660
105.402166
95.265374
74.060268
77.801555
70.220720
51.642320
58.437250
59.189270
51.080600
60.508440
64.154190
75.733620
65.219390
72.384460
65.791780
84.212750
77.191360
101.742800
92.549440
104.301770
92.159830
115.208640
93.819290
88.276960
93.252770
89.436160
96.808360
86.773930
73.561264
57.343809
59.581830
76.557180
72.874160
83.026150
86.656100
81.561783
69.739874
59.325840
60.331509
41.984971
57.860017
56.383727
54.061911
65.471060
72.418910
75.477440
71.062500
68.877910
66.874400
73.371330
57.011810
56.749860
63.012810
80.958520
86.930940
82.647610
69.318830
80.385400
83.658070
109.936880
124.496320
117.093060
136.816100
124.117000
114.315130
105.768800
94.340000
70.552290
59.695530
42.312260
40.093650
35.146550
40.496326
46.960119
52.585641
42.851506
26.271741
47.356307
52.962337
54.495940
33.167429
36.890736
55.371153
80.100750
75.726510
72.524610
72.231360
83.674650
61.906070
59.949820
53.522880
68.016670
68.728980
74.967730
84.104140
110.509390
95.080430
102.522960
116.844710
106.007600
85.746040
94.387475
107.842340
103.748690
110.921460
110.923280
85.469310
62.336290
55.231790
49.909760
46.128880
28.435510
35.104893
35.885509
18.228293
42.188232
33.555271
49.797693
49.077361
70.307329
65.903050
46.449393
50.530113
69.793850
58.896300
50.591880
48.452640
51.496840
49.698230
61.287380
53.804540
53.954820
86.836790
132.728190
125.811040
105.178330
87.081870
96.933910
86.774990
84.656160
71.085916
84.035543
48.543627
48.692962
86.448650
102.878630
102.732720
87.545550
68.771840
52.101460
46.466580
40.518423
42.346597
50.563943
51.711220
57.991753
63.575680
52.887327
70.502549
68.925514
69.533010
50.606810
53.830030
38.307220
44.035590
25.614250
25.860900
36.199700
45.261390
29.112000
47.644150
77.185740
122.763470
115.756060
115.583260
110.974560
74.123290
73.940770
79.188670
90.686120
79.754770
64.879862
56.881110
55.732321
55.935310
67.476450
81.201980
85.264960
82.214210
41.310606
47.470007
53.790330
53.243390
53.475195
58.777536
67.877003
55.238658
61.078967
57.314717
39.857874
57.070960
82.665410
66.618570
58.281730
21.284100
27.408330
47.999030
43.911810
34.472270
50.163810
81.025250
119.594750
107.036310
107.316270
90.519150
54.984690
63.299820
63.198480
94.265240
93.895300
80.694940
65.244300
53.054668
54.365050
63.796630
65.287160
56.637050
47.145990
50.145930
57.764489
52.006617
51.510048
59.082991
62.724780
62.419942
53.253297
54.267119
66.285190
74.499033
79.121880
86.701970
87.029700
94.396010
81.834190
87.219120
77.359590
65.898070
61.932670
65.449580
97.292080
124.493690
122.130190
100.624610
59.107730
59.859830
46.799180
67.577170
80.039240
108.647770
89.762030
84.293120
65.077250
47.679160
35.383000
35.925420
54.826850
50.490420
35.957760
37.682530
48.231020
63.730720
76.869608
68.558690
79.568710
67.013710
80.860785
75.180274
92.209300
98.205010
79.564840
65.150020
85.413450
103.416780
127.830740
123.383570
126.401810
130.221970
113.043000
110.925470
143.709890
125.739960
92.610740
73.569970
91.800880
71.606540
71.850140
82.425180
85.669931
79.026175
72.507790
75.169970
66.399840
56.807690
56.949270
53.794190
55.463640
52.336950
49.113780
38.097420
64.590090
81.542730
85.925790
87.154310
86.835270
76.325780
67.450710
86.003290
88.818820
95.123490
94.639250
88.605040
83.264580
88.994380
114.178280
123.400570
130.343600
147.598200
173.858900
180.057700
140.166870
129.371260
102.258520
87.958960
66.025320
74.362340
84.256976
75.192090
62.960360
52.796190
53.508820
61.742730
54.075820
55.923840
66.462890
51.696970
56.318270
55.306460
40.013090
46.534630
64.015780
78.538950
97.294820
80.803460
98.854560
85.879670
71.872670
67.579090
52.776970
59.231860
75.542100
75.159140
87.316860
100.030700
91.713910
81.051580
104.906650
143.295180
145.565380
167.135200
131.698940
110.990100
78.022850
76.048000
68.410530
71.016940
68.774560
57.257870
62.521170
40.446530
54.458910
34.996630
38.502200
55.159380
47.132740
49.289790
48.913360
48.218630
41.820290
40.484880
76.510740
79.437330
83.644450
75.095620
62.016690
76.300770
66.656770
62.483180
60.403490
54.868930
40.216220
50.388090
62.181940
67.890520
68.812510
87.187850
94.689610
105.400730
102.591370
87.411570
83.294330
82.172290
75.381890
68.460000
60.313310
60.794530
52.431160
60.064090
52.379610
51.630710
36.058940
42.533920
23.448260
29.722720
40.293820
43.878770
48.451430
45.994800
47.380260
42.554620
74.231130
75.314700
80.197820
67.254660
60.306040
53.388770
49.901060
68.682080
52.356390
52.764410
38.378081
46.355942
55.979807
72.568570
69.230000
68.075070
57.298880
48.229650
33.176580
19.630650
18.312010
35.825590
43.004480
45.781360
55.472980
47.382160
48.429600
47.107280
49.566890
38.839630
29.331920
26.666670
27.591180
31.640700
27.024180
26.941950
42.182130
35.800490
39.082390
30.317660
50.077470
46.695300
43.952510
42.273250
40.732450
37.199920
49.163790
60.934650
62.275130
62.470479
59.402596
62.200630
61.688640
58.712180
54.719580
51.522800
33.840300
29.282600
27.645340
17.905230
14.530510
19.778790
34.468450
36.459610
37.943390
32.701640
38.743750
39.812620
39.732300
28.210210
17.662825
28.135100
29.535360
22.744880
31.968190
29.788520
30.250020
26.246570
24.350380
22.736870
37.504881
34.156704
28.363197
31.248360
41.015230
45.461260
52.886510
59.527560
48.303190
58.711748
57.867364
47.637716
44.982643
38.075137
32.116411
33.883881
27.474010
29.283370
31.099170
16.790340
13.054950
22.767970
22.971570
32.929600
32.365830
26.277380
25.869870
24.673431
26.249890
20.385520
23.280523
22.432042
22.874140
22.197620
26.868530
26.635980
21.991700
20.292110
20.181530
15.084280
